M16.706,16.113
C16.706,20.596 14.152,18.151 11,18.151
C7.849,18.151 5.294,20.597 5.294,16.113
C5.294,13.187 7.849,10 11,10
C14.151,10 16.706,13.187 16.706,16.113Z
M5.074,8.037
C5.467,9.372 5.081,10.662 4.212,10.918
C3.342,11.174 2.319,10.299 1.926,8.963
C1.533,7.628 1.918,6.338 2.788,6.082
C3.658,5.826 4.681,6.701 5.074,8.037Z
M20.074,8.981
C19.667,10.313 18.632,11.177 17.762,10.911
C16.892,10.645 16.518,9.35 16.925,8.018
C17.332,6.686 18.367,5.822 19.237,6.088
C20.106,6.354 20.481,7.649 20.074,8.981Z
M9.964,4.122
C10.33,6.02 9.747,7.728 8.662,7.937
C7.578,8.145 6.402,6.776 6.037,4.878
C5.67,2.98 6.253,1.272 7.338,1.063
C8.423,0.854 9.599,2.224 9.964,4.122Z
M15.96,4.9
C15.573,6.794 14.382,8.15 13.3,7.929
C12.218,7.708 11.654,5.993 12.041,4.099
C12.428,2.205 13.619,0.849 14.701,1.07
C15.783,1.292 16.346,3.006 15.96,4.9Z
